2
300
-0.147686
-0.160459
0.672561
0.302491
0.239703
0.631882
-0.130198
-0.058618
0.615087
0.157860
-0.311174
0.508626
-0.371884
0.610939
0.131229
-0.197535
0.105486
0.552355
0.337739
-0.249645
0.424589
0.273052
0.523178
0.579199
-0.324723
-0.171265
0.363292
0.105998
0.656865
0.549176
0.569863
-0.228946
0.386356
-0.097254
0.076824
0.613557
-0.081586
0.320453
-0.228311
-0.246472
0.418529
0.464045
0.291768
-0.000455
0.403674
-0.153862
0.328129
-0.100181
-0.335248
0.619080
0.724130
0.444682
0.152163
-0.044633
-0.190954
-0.235360
-0.260738
0.154048
0.421493
-0.231077
0.037250
-0.188967
0.612510
-0.298054
0.252797
-0.002798
0.226501
0.596877
-0.349105
0.004598
0.313388
0.078516
-0.209608
0.015491
0.620498
-0.392857
0.181042
-0.288521
0.598549
0.308396
-0.251835
0.085663
-0.444999
-0.174068
0.467065
-0.234099
0.143678
-0.546021
0.412246
0.633875
0.319740
0.347453
-0.271669
0.285109
0.081190
0.383680
-0.377307
-0.390403
-0.231068
0.420327
0.107758
0.633452
-0.130915
0.462638
-0.054895
0.443396
-0.001251
0.124205
-0.406406
0.530621
-0.337878
0.390151
-0.118232
0.349289
-0.514529
0.283486
0.662731
-0.270350
0.269843
-0.127695
-0.361622
0.550238
-0.376134
0.408322
0.169082
0.152235
-0.470452
0.330595
-0.195048
-0.212869
0.170011
0.357133
0.405232
-0.010090
-0.361203
0.338053
-0.317748
0.013512
-0.172789
0.348050
0.518632
0.545163
0.005289
-0.238040
0.298083
-0.439627
0.557583
0.154355
-0.386094
-0.339095
0.001277
0.321773
-0.370053
0.629848
0.001666
0.264280
0.150466
0.623593
0.483888
-0.267415
-0.183085
0.531668
0.586125
0.153780
-0.076862
-0.420715
-0.160555
-0.450259
-0.482070
-0.478445
0.416313
0.557877
0.617766
-0.218714
0.267223
0.128410
0.361210
0.157122
0.278650
0.018102
0.235802
0.253112
-0.354274
-0.209571
0.225495
-0.361402
-0.087255
0.260668
-0.409718
-0.320253
0.519076
0.556285
-0.307146
-0.011426
0.027350
0.587937
0.492359
-0.107049
0.612148
0.552721
0.472226
0.306854
-0.092302
0.370182
-0.028977
0.668979
0.424542
0.365275
-0.431350
-0.411419
-0.317821
-0.281672
-0.296846
-0.204603
-0.070791
0.430164
0.524700
-0.209385
0.013311
0.667534
-0.057823
0.523256
0.006540
-0.379736
-0.211874
-0.094954
-0.033261
-0.325487
0.213832
0.015836
0.149539
-0.041337
0.108556
-0.153035
0.259570
0.072175
0.523758
-0.458782
-0.211161
0.504820
0.200724
-0.044667
0.221390
0.382050
-0.375430
0.112216
0.219809
0.135718
0.298889
0.109652
0.182460
0.304662
0.584464
-0.001715
0.325519
-0.427264
0.459788
0.242834
0.293873
0.616410
0.165019
-0.276705
0.519641
0.168937
-0.425039
0.185223
-0.403843
0.596102
-0.333393
0.539734
0.435218
0.368123
0.351624
0.560650
-0.382427
-0.101651
0.007748
0.316250
0.603063
-0.326414
0.360690
-0.381484
0.405434
0.225318
-0.003043
-0.403163
-0.273134
-0.245514
0.317870
0.597564
0.370756
-0.204415
0.248104
0.137257
0.437094
0.302790
-0.337421
0.017267
-0.363976
0.495742
0.401604
-0.114446
0.248363
0.136581
-0.132474
0.321548
0.548098
0.307776
0.541576
-0.022584
0.485617
-0.361766
-0.059800
0.356628
-0.264428
-0.079245
-0.236576
0.629969
-0.281533
0.482119
0.487850
0.505757
0.234147
0.641914
-0.072170
-0.083101
-0.353409
-0.375112
-0.006933
-0.240418
0.653181
-0.333048
0.186822
-0.451308
0.339303
0.573614
0.326898
-0.242404
-0.395305
-0.403253
-0.307962
-0.411133
0.352002
-0.383914
-0.157193
0.533471
0.132423
0.046007
0.444413
-0.165728
0.658149
-0.203533
-0.378177
0.099942
0.238176
-0.509787
-0.014084
0.422871
-0.274387
0.405076
0.066514
0.188995
-0.394612
-0.463748
0.340253
-0.178488
0.057783
-0.428060
-0.539561
0.199837
-0.305365
-0.291054
-0.334597
0.492132
-0.069694
-0.041663
-0.125899
-0.139556
0.131142
0.363153
0.154329
0.610197
-0.031152
-0.277776
0.128360
-0.367497
-0.181192
-0.593631
0.081715
0.690866
-0.061007
-0.466192
0.154060
-0.028589
0.192779
-0.080387
-0.298666
-0.440174
-0.157340
-0.166621
-0.209441
-0.405791
-0.019788
0.064063
-0.059799
-0.122556
-0.014890
0.357448
0.216940
0.086271
-0.554078
0.462798
-0.038758
0.074588
-0.543159
0.075592
0.309274
0.445733
-0.474031
0.227513
0.415597
-0.029406
0.219914
0.675342
-0.159904
0.438751
-0.193144
0.128347
0.536157
-0.312171
0.429809
0.353160
-0.213993
0.381030
0.250524
0.260570
-0.461767
-0.348060
0.529749
-0.139894
-0.275941
0.047624
-0.399593
0.115137
0.615131
0.192410
0.229931
-0.361594
-0.512077
0.143054
0.398484
-0.011987
0.588767
-0.436363
-0.069638
0.450964
0.451129
-0.151961
-0.062756
-0.240680
-0.016489
-0.243731
-0.419266
-0.260804
0.574533
0.266088
-0.103943
0.077131
-0.125518
-0.237079
0.522457
0.160727
0.426978
0.010935
0.259755
-0.236354
-0.287912
0.387532
-0.061194
0.317323
-0.054574
0.296245
-0.401068
0.482219
0.299989
0.053229
0.283129
0.114664
-0.215701
-0.477525
-0.066485
0.443166
0.324558
0.488808
0.058341
0.379510
-0.315712
0.487523
0.483943
0.125041
0.358100
0.274511
0.117642
0.079031
-0.338338
0.412369
-0.200316
0.488117
0.024968
0.133578
0.082979
-0.070004
-0.212369
-0.288675
-0.149297
0.125317
-0.092109
0.107888
0.120619
0.280174
-0.346378
0.598818
0.555584
0.512861
0.358219
-0.019977
-0.352879
0.475814
-0.093372
0.608878
0.573709
-0.443549
-0.316424
-0.518945
-0.383899
-0.139368
0.436685
-0.200559
0.244523
-0.109161
0.035073
0.362641
0.361720
-0.150084
-0.541607
0.181931
0.452049
-0.121913
-0.292988
-0.060183
0.625198
0.506924
0.507941
-0.035675
0.426909
-0.427901
0.564186
0.052743
0.134910
0.428763
0.631596
-0.007715
-0.047142
-0.331182
0.019736
0.002959
-0.566464
0.494886
-0.229689
0.350627
0.266295
-0.153200
0.074207
0.001872
0.102008
-0.503211
0.074076
0.600492
-0.029039
-0.308797
0.500164
0.453800
-0.373209
0.283086
-0.195435
0.445851
-0.176658
-0.349882
0.528878
0.577817
0.620339
0.442942
0.548203
-0.169442
0.141375
0.600202
-0.251897
0.098442
0.292690
0.213188
